9.375019 0.13589524090142552
4.89003 0.17080283323350381
7.043401 0.06230443742562384
4.748877 0.1531428398685248
5.748054 0.18468373456707765
5.605426 0.19651466999932218
6.239142 0.12939085339170853
5.282705 0.20410720668756457
1.641122 0.03881111137943894
3.493585 0.09596069576684597
4.750192 0.1533029543653217
8.015665 0.04794860271528541
0.5006845 0.12124185207800792
9.587764 0.1670882400671522
0.8132093 0.08871213007162308
9.651385 0.1778317649590882
5.882876 0.17067785684541456
6.88925 0.07089681566932117
2.858302 0.03185798542022754
5.293085 0.20437537749113174
6.54212 0.0978303572998457
0.2657254 0.15334472877105126
1.531607 0.04329009746959496
1.506608 0.044383320824972615
0.4734116 0.1245929506894901
3.83722 0.11737619714176714
1.223035 0.058905661719490694
0.5484621 0.11558719898565291
9.784623 0.2027359846174615
4.383124 0.12285522593105601
6.552904 0.0968350366079013
5.888731 0.17002828423630056
9.298379 0.12625570932545685
7.810104 0.04594272985810375
6.600198 0.09258713034016085
9.338509 0.13120563008421382
8.173691 0.05119136418724381
5.240142 0.2026282322107356
4.883665 0.17001008852999833
5.641452 0.1939016028519089
5.511702 0.2018617767268598
4.965811 0.1799346177968822
5.190994 0.20017040999450864
7.525979 0.047371482956434244
9.414033 0.14110970427759817
9.657895 0.17897124975335804
4.988422 0.18250452236149295
4.951302 0.17824189125505177
6.273207 0.12554658924809203
6.338143 0.11839383749692851
7.775173 0.04585135372692381
3.791577 0.11584273101763984
3.496196 0.09620334464189002
6.552608 0.09686222500309274
0.3022147 0.14785122405171935
8.570589 0.06619584869770653
1.646756 0.03859372878702788
5.63117 0.19467612808159712
3.683106 0.11056439024800384
4.252203 0.1202354197684018
5.754482 0.18406700497141543
5.763502 0.18319148372054003
9.948655 0.23842487994750985
3.714111 0.11231141279551717
0.1416469 0.17359861063543797
4.056597 0.12009687905614946
3.679692 0.11036039828342037
6.298438 0.12273823748504992
9.571859 0.16451063300705918
5.835233 0.17585453629293757
5.729426 0.1864356769155668
3.518163 0.0982039114468061
0.1106241 0.17906772157424142
1.238817 0.057984527189906314
5.517597 0.20159280289247553
7.60978 0.046426625323773674
9.756414 0.19717660988958227
0.684745 0.10086626782950756
1.189607 0.060905462958705296
8.774345 0.0781693072452713
0.7314637 0.09626441380191315
9.668651 0.1808707001094764
5.21973 0.20170398423982397
0.4543669 0.12698783104431688
6.468749 0.10485811219537382
3.763526 0.11470097735582876
9.799669 0.2057672679343974
3.564373 0.1021593194604665
0.7663018 0.09297013349910771
4.9125 0.1735764286247494
9.371791 0.1354733002794399
5.182179 0.199646334874903
6.928803 0.06849975029191319
7.578432 0.04672745614535395
5.23332 0.20233473310286773
5.118826 0.1951673259076855
9.754563 0.19681738299739523
6.202972 0.13353056279285724
9.7777 0.20135676486334192
0.7636761 0.09321443768718408
0.8401794 0.08635291174307648
4.376027 0.12261654266366603
4.129371 0.12001193064553266
4.951649 0.1782827404258073
9.175507 0.1123542532979499
3.177935 0.062010750997789556
8.693482 0.07303405227986776
9.137634 0.10842826797285657
5.587714 0.19769223429561417
9.680427 0.1829744509111684
5.12377 0.19556038945668835
4.678642 0.14492673815709814
8.702384 0.07357391127487833
7.086371 0.060261605047980074
2.994751 0.04295201221779397
6.625451 0.0903981020407596
4.600028 0.13681765254968256
5.08955 0.19269728092552812
1.344547 0.05217509544550362
0.1187029 0.1776271020103749
6.298539 0.12272706709723016
0.1964849 0.16433656176972766
4.567333 0.13387849651146583
4.118461 0.12002994867940497
3.899386 0.11885332634129689
3.801121 0.11619623996428309
3.269567 0.07234447889813202
9.898566 0.22688978888771005
9.608489 0.17051105681930928
7.923205 0.046737268082982654
4.413561 0.1240262561260917
0.7258385 0.09680718092327754
5.078392 0.1916938888881556
4.748111 0.1530496567871492
8.585232 0.06695201536811783
3.71419 0.1123156204480007
9.961235 0.2414151366994297
5.829023 0.17651332642466283
8.865982 0.084642962758809
0.2565272 0.15476145884426132
9.974293 0.24455957413893809
8.160622 0.05086654938164369
0.7625968 0.09331504576066102
3.699878 0.11153310007126357
0.13391 0.17494673257077317
9.024825 0.09765841550619425
4.456761 0.12611873130476656
4.501014 0.12880826742689525
0.9769311 0.07532308091750753
6.025025 0.1543644872860145
4.371906 0.12248372605401349
5.789281 0.18062757705123955
4.510388 0.12944981639140934
9.421297 0.14210437147427218
6.156418 0.1389292533160913
6.155267 0.1390635430045837
7.81119 0.045946742313493105
5.056887 0.18966864625358432
9.987814 0.24785960676441876
6.209549 0.13277383568085524
3.372917 0.0837862873286493
4.41234 0.12397456374148771
5.006307 0.18447154202411134
9.372733 0.13559628351613837
5.059171 0.18988928618083162
0.7000352 0.09933642172168834
1.59945 0.040457715966508725
8.851571 0.08357699695596162
3.613627 0.10596688346450633
0.05502021 0.18930519589616657
4.427593 0.12464933800793684
9.607844 0.17040342683980422
3.673829 0.11000472125437116
5.228292 0.20210850449783077
3.856003 0.11789431921196174
9.313694 0.12811995507331267
4.020111 0.12004661430471536
6.525383 0.09939447608803646
6.250846 0.1280636368116777
9.917333 0.2311431907765787
6.579155 0.09445348274202152
8.992554 0.09481894944287445
9.700784 0.1866715995437943
5.863385 0.17282027113383522
8.717772 0.0745217728034583
6.155552 0.13903028829842337
9.680381 0.18296618361835754
9.402754 0.13958018701733027
0.01652273 0.19673414339549936
0.3595863 0.1396092644305394
4.16437 0.11997078674417519
5.830674 0.1763385719797839
9.524585 0.15709470140701604
6.093812 0.14627109479245343
8.55049 0.06518298879669226
4.843029 0.16490290177459124
9.149315 0.10962189842966236
7.072561 0.06090181675877457
3.435779 0.09034506016431477
4.680307 0.14511240520384544
4.594853 0.13633410889440098
6.020496 0.15489579559062452
4.965273 0.1798724288527745
0.7992301 0.08996024754835541
6.344614 0.11769508414815101
5.494807 0.20257908392487886
5.720677 0.18723964375092894
3.302892 0.07609115446915979
5.825417 0.1768940084717956
5.286229 0.2042023246070426
9.270396 0.12292691025944102
3.389498 0.08555492332809123
0.02466357 0.19513925154283754
6.095269 0.1460996302404104
6.93627 0.06806230970092733
0.6579728 0.10360194703619865
9.52765 0.15756458886658833
8.656078 0.07083267632765924
8.202571 0.05194580404608397
8.636 0.0696949691777484
5.107142 0.1942104223518939
6.097165 0.14587652616893082
0.2674682 0.15307776392659517
6.4886 0.1029134234354442
5.020301 0.18596605239197192
3.994065 0.11994087192631969
8.570448 0.06618864253698971
2.115378 0.024298306331403875
0.1755527 0.16781216431210272
9.8153 0.2089660104932858
9.435012 0.14400312595099812
7.392043 0.04983926581025444
6.533899 0.09859570225183513
9.343755 0.13186839726461755
4.844734 0.16511815639746372
9.380539 0.13662010493500154
9.578945 0.16565378499364358
5.374003 0.20522683470276207
4.120487 0.12002655281965345
4.437573 0.12512537634432153
4.330607 0.1213761180686108
4.301145 0.12081449735258588
9.968746 0.24321874533661206
5.351219 0.2052076210843062
4.691994 0.14642966747625183
0.09608094 0.18169059220071387
6.483299 0.10342964473469828
0.2736689 0.15213169530160797
6.651809 0.08817279814384515
3.636776 0.1076017989950561
0.1188398 0.1776027900238384
1.779952 0.033797091127807086
9.544954 0.16024559142965336
0.3190795 0.14537916899422762
5.31763 0.20486504803387776
8.379124 0.057679521744411696
4.0346 0.12007850544245299
5.83443 0.17593994785113268
5.357567 0.2052301692248447
0.2320342 0.1585981151789126
7.10184 0.05956268762963489
2.869015 0.03260448362342714
5.222718 0.20184790964609484
5.549523 0.19997336958831713
9.042328 0.09924218019486149
5.899665 0.16880834300752237
4.708928 0.1483793525977412
5.20298 0.20084281255245753
5.290331 0.20430776851747143
9.871499 0.22089619348088782
8.425355 0.05950931911637651
9.774344 0.20069166908746425
9.698005 0.18616233454496625
4.629885 0.13973521046024145
3.889284 0.11865861322462848
0.3882214 0.13566916579610228
4.013373 0.12002558306675797
9.749408 0.19582051374590664
0.6664825 0.10272443908809899
3.530914 0.09933052686522556
4.912616 0.17359063061754682
5.523612 0.20130854883126975
0.1478877 0.17251875325210603
4.373107 0.12252199861183119
7.74358 0.045831941940659864
8.513956 0.06341510428756572
4.581385 0.13510766647620878
9.068302 0.10165033052672903
5.464789 0.2036520192047195
6.574756 0.09484846148815683
1.127118 0.06482815075212453
6.237651 0.12956038829545272
3.70302 0.11170837691594188
4.810913 0.16084923787384317
8.650779 0.07052945711564342
6.772487 0.07876911822532393
0.5770674 0.11232875903837043
5.227701 0.202081361973162
7.855027 0.04616742848196154
0.7726976 0.09237772501102091
0.01562489 0.1969108377773929
6.120312 0.14315574667642683
0.2952253 0.14888802057436643
6.574239 0.09489499108447964
8.544786 0.06490078220974277
9.86257 0.2189548626733633
6.375351 0.11441378582642883
4.415297 0.1241004432897439
6.105494 0.1448968121617752
6.285266 0.12419998135794362
5.994348 0.15795456216316942
3.751663 0.11417153316247108
6.018256 0.15515843405816984
0.8676848 0.08401155465947897
4.930354 0.17574565873732653
9.652127 0.177961257469711
0.2737134 0.15212492691991658
3.415339 0.08825817952956445
3.481195 0.09479565400097356
1.296182 0.05475634941438538
8.276196 0.054099883886664604
5.860798 0.17310218913171047
8.5076 0.06311706294260978
5.925401 0.16590464630934515
1.224817 0.058800922735777424
7.925926 0.046765713609806164
0.5500586 0.11540287396659195
4.858109 0.16680488718934974
9.784464 0.202704198830831
5.505385 0.2021393360200608
6.162335 0.13823944774503685
9.52306 0.1568614630406349
5.6132 0.19597501153284133
4.592292 0.13609731548141069
4.486172 0.12784385619317423
9.98956 0.24828904980951616
5.33754 0.20511357490916002
3.760378 0.11456319504334013
3.451773 0.09194314816478463
6.051149 0.1512939857513212
9.637105 0.1753587762133107
9.404957 0.13987751052681294
5.125171 0.19567047710142982
5.635091 0.19438340605310442
0.8019333 0.08971753185395796
7.649694 0.046133231366555484
5.129828 0.19603227125847433
5.826469 0.17678309316484325
5.603653 0.1966358242883644
5.794855 0.1800618238402762
0.254676 0.1550481642888958
0.3814574 0.13658971621192473
5.833307 0.17605928509973803
3.373313 0.0838288117798503
7.975595 0.04736172192525492
4.28349 0.12055874623654472
1.70628 0.03637062040410784
0.1245107 0.1765986177190988
7.245054 0.05398093161562884
2.950154 0.03896382420521928
0.2203043 0.16046907298226698
3.140698 0.057887167417750976
4.847974 0.16552709084313638
4.957877 0.17901292023594687
5.249847 0.2030189908722408
5.161923 0.19834851247033436
9.785972 0.20300587142959894
0.3249252 0.14453198769045256
7.70971 0.04587833943223943
5.874144 0.1716415729455905
9.957435 0.24050785956733564
5.403123 0.20500489276936834
0.8224024 0.08790079841055033
9.016578 0.09692290924893728
5.530275 0.20098223594031897
0.1660847 0.16940829910129301
1.056415 0.06957265971218196
8.802788 0.08010223475302525
3.348976 0.08119186945527047
9.572749 0.16465375384072534
0.1811916 0.16686870383690874
2.052571 0.025808868433044814
4.262201 0.12032204565365284
5.325981 0.2049854565956443
5.411963 0.2048836635465548
9.139815 0.10864997933277958
8.116712 0.04985044476901
9.455406 0.14687735403299823
9.93299 0.23475420714875894
1.524923 0.04357971545735764
9.279458 0.1239940561504323
5.249916 0.2030216562242126
6.682317 0.08567355262749068
4.154389 0.11997836306680025
0.9718741 0.07570464956430031
4.336977 0.12152150420535855
5.237393 0.20251182902129578
8.122849 0.04998551255223331
6.901562 0.07013619491378528
8.062702 0.048758551684377524
