9.375019e+00
4.890030e+00
7.043401e+00
4.748877e+00
5.748054e+00
5.605426e+00
6.239142e+00
5.282705e+00
1.641122e+00
3.493585e+00
4.750192e+00
8.015665e+00
5.006845e-01
9.587764e+00
8.132093e-01
9.651385e+00
5.882876e+00
6.889250e+00
2.858302e+00
5.293085e+00
6.542120e+00
2.657254e-01
1.531607e+00
1.506608e+00
4.734116e-01
3.837220e+00
1.223035e+00
5.484621e-01
9.784623e+00
4.383124e+00
6.552904e+00
5.888731e+00
9.298379e+00
7.810104e+00
6.600198e+00
9.338509e+00
8.173691e+00
5.240142e+00
4.883665e+00
5.641452e+00
5.511702e+00
4.965811e+00
5.190994e+00
7.525979e+00
9.414033e+00
9.657895e+00
4.988422e+00
4.951302e+00
6.273207e+00
6.338143e+00
7.775173e+00
3.791577e+00
3.496196e+00
6.552608e+00
3.022147e-01
8.570589e+00
1.646756e+00
5.631170e+00
3.683106e+00
4.252203e+00
5.754482e+00
5.763502e+00
9.948655e+00
3.714111e+00
1.416469e-01
4.056597e+00
3.679692e+00
6.298438e+00
9.571859e+00
5.835233e+00
5.729426e+00
3.518163e+00
1.106241e-01
1.238817e+00
5.517597e+00
7.609780e+00
9.756414e+00
6.847450e-01
1.189607e+00
8.774345e+00
7.314637e-01
9.668651e+00
5.219730e+00
4.543669e-01
6.468749e+00
3.763526e+00
9.799669e+00
3.564373e+00
7.663018e-01
4.912500e+00
9.371791e+00
5.182179e+00
6.928803e+00
7.578432e+00
5.233320e+00
5.118826e+00
9.754563e+00
6.202972e+00
9.777700e+00
7.636761e-01
8.401794e-01
4.376027e+00
4.129371e+00
4.951649e+00
9.175507e+00
3.177935e+00
8.693482e+00
9.137634e+00
5.587714e+00
9.680427e+00
5.123770e+00
4.678642e+00
8.702384e+00
7.086371e+00
2.994751e+00
6.625451e+00
4.600028e+00
5.089550e+00
1.344547e+00
1.187029e-01
6.298539e+00
1.964849e-01
4.567333e+00
4.118461e+00
3.899386e+00
3.801121e+00
3.269567e+00
9.898566e+00
9.608489e+00
7.923205e+00
4.413561e+00
7.258385e-01
5.078392e+00
4.748111e+00
8.585232e+00
3.714190e+00
9.961235e+00
5.829023e+00
8.865982e+00
2.565272e-01
9.974293e+00
8.160622e+00
7.625968e-01
3.699878e+00
1.339100e-01
9.024825e+00
4.456761e+00
4.501014e+00
9.769311e-01
6.025025e+00
4.371906e+00
5.789281e+00
4.510388e+00
9.421297e+00
6.156418e+00
6.155267e+00
7.811190e+00
5.056887e+00
9.987814e+00
6.209549e+00
3.372917e+00
4.412340e+00
5.006307e+00
9.372733e+00
5.059171e+00
7.000352e-01
1.599450e+00
8.851571e+00
3.613627e+00
5.502021e-02
4.427593e+00
9.607844e+00
3.673829e+00
5.228292e+00
3.856003e+00
9.313694e+00
4.020111e+00
6.525383e+00
6.250846e+00
9.917333e+00
6.579155e+00
8.992554e+00
9.700784e+00
5.863385e+00
8.717772e+00
6.155552e+00
9.680381e+00
9.402754e+00
1.652273e-02
3.595863e-01
4.164370e+00
5.830674e+00
9.524585e+00
6.093812e+00
8.550490e+00
4.843029e+00
9.149315e+00
7.072561e+00
3.435779e+00
4.680307e+00
4.594853e+00
6.020496e+00
4.965273e+00
7.992301e-01
6.344614e+00
5.494807e+00
5.720677e+00
3.302892e+00
5.825417e+00
5.286229e+00
9.270396e+00
3.389498e+00
2.466357e-02
6.095269e+00
6.936270e+00
6.579728e-01
9.527650e+00
8.656078e+00
8.202571e+00
8.636000e+00
5.107142e+00
6.097165e+00
2.674682e-01
6.488600e+00
5.020301e+00
3.994065e+00
8.570448e+00
2.115378e+00
1.755527e-01
9.815300e+00
9.435012e+00
7.392043e+00
6.533899e+00
9.343755e+00
4.844734e+00
9.380539e+00
9.578945e+00
5.374003e+00
4.120487e+00
4.437573e+00
4.330607e+00
4.301145e+00
9.968746e+00
5.351219e+00
4.691994e+00
9.608094e-02
6.483299e+00
2.736689e-01
6.651809e+00
3.636776e+00
1.188398e-01
1.779952e+00
9.544954e+00
3.190795e-01
5.317630e+00
8.379124e+00
4.034600e+00
5.834430e+00
5.357567e+00
2.320342e-01
7.101840e+00
2.869015e+00
5.222718e+00
5.549523e+00
9.042328e+00
5.899665e+00
4.708928e+00
5.202980e+00
5.290331e+00
9.871499e+00
8.425355e+00
9.774344e+00
9.698005e+00
4.629885e+00
3.889284e+00
3.882214e-01
4.013373e+00
9.749408e+00
6.664825e-01
3.530914e+00
4.912616e+00
5.523612e+00
1.478877e-01
4.373107e+00
7.743580e+00
8.513956e+00
4.581385e+00
9.068302e+00
5.464789e+00
6.574756e+00
1.127118e+00
6.237651e+00
3.703020e+00
4.810913e+00
8.650779e+00
6.772487e+00
5.770674e-01
5.227701e+00
7.855027e+00
7.726976e-01
1.562489e-02
6.120312e+00
2.952253e-01
6.574239e+00
8.544786e+00
9.862570e+00
6.375351e+00
4.415297e+00
6.105494e+00
6.285266e+00
5.994348e+00
3.751663e+00
6.018256e+00
8.676848e-01
4.930354e+00
9.652127e+00
2.737134e-01
3.415339e+00
3.481195e+00
1.296182e+00
8.276196e+00
5.860798e+00
8.507600e+00
5.925401e+00
1.224817e+00
7.925926e+00
5.500586e-01
4.858109e+00
9.784464e+00
5.505385e+00
6.162335e+00
9.523060e+00
5.613200e+00
4.592292e+00
4.486172e+00
9.989560e+00
5.337540e+00
3.760378e+00
3.451773e+00
6.051149e+00
9.637105e+00
9.404957e+00
5.125171e+00
5.635091e+00
8.019333e-01
7.649694e+00
5.129828e+00
5.826469e+00
5.603653e+00
5.794855e+00
2.546760e-01
3.814574e-01
5.833307e+00
3.373313e+00
7.975595e+00
4.283490e+00
1.706280e+00
1.245107e-01
7.245054e+00
2.950154e+00
2.203043e-01
3.140698e+00
4.847974e+00
4.957877e+00
5.249847e+00
5.161923e+00
9.785972e+00
3.249252e-01
7.709710e+00
5.874144e+00
9.957435e+00
5.403123e+00
8.224024e-01
9.016578e+00
5.530275e+00
1.660847e-01
1.056415e+00
8.802788e+00
3.348976e+00
9.572749e+00
1.811916e-01
2.052571e+00
4.262201e+00
5.325981e+00
5.411963e+00
9.139815e+00
8.116712e+00
9.455406e+00
9.932990e+00
1.524923e+00
9.279458e+00
5.249916e+00
6.682317e+00
4.154389e+00
9.718741e-01
4.336977e+00
5.237393e+00
8.122849e+00
6.901562e+00
8.062702e+00